2
 0.000019
 0.000020
 0.000018
 0.000021
 0.000017
3
 0.000029
 0.000026
 0.000027
 0.000028
 0.000029
4
 0.000038
 0.000038
 0.000039
 0.000037
 0.000031
5
 0.000048
 0.000045
 0.000041
 0.000044
 0.000048
6
 0.000055
 0.000059
 0.000049
 0.000051
 0.000053
7
 0.000061
 0.000072
 0.000061
 0.000061
 0.000066
8
 0.000066
 0.000057
 0.000055
 0.000070
 0.000062
2
 0.000022
 0.000019
 0.000021
3
 0.000030
 0.000027
 0.000026
4
 0.000037
 0.000046
 0.000037
5
 0.000051
 0.000046
 0.000043
6
 0.000051
 0.000064
 0.000058
7
 0.000061
 0.000067
 0.000062
8
 0.000071
 0.000070
 0.000053
