2
0.015369 
0.015405 
0.015335 
0.015314 
0.015318 
3
0.010343 
0.010327 
0.010359 
0.010352 
0.010352 
4
0.008272 
0.008264 
0.008323 
0.008329 
0.008372 
5
0.006089 
0.006108 
0.006019 
0.006102 
0.006128 
6
0.005270 
0.005268 
0.005263 
0.005279 
0.005279 
7
0.004409 
0.004416 
0.004392 
0.004391 
0.004388 
8
0.004140 
0.004147 
0.003598 
0.003612 
0.003588 
2
0) 01101111100110011110
0) 01101111110110011110
1) 10101111100110011110
1) 11101111100110011110
1) 10101111110110011110
1) 11101111110110011110
0) 01101111101110011110
1) 10101111101110011110
1) 11101111101110011110
0) 01101111100110011111
0) 01101111110110011111
0) 01101111101110011111
1) 10101111100110011111
1) 11101111100110011111
1) 10101111110110011111
1) 11101111110110011111
1) 10101111101110011111
1) 11101111101110011111
Process 1 is done
Process 0: 18 solutions
Process 0 is done
0.011789 
0) 01101111100110011110
0) 01101111110110011110
1) 10101111100110011110
1) 11101111100110011110
0) 01101111101110011110
1) 10101111110110011110
1) 11101111110110011110
1) 10101111101110011110
1) 11101111101110011110
0) 01101111100110011111
0) 01101111110110011111
0) 01101111101110011111
1) 10101111100110011111
1) 11101111100110011111
1) 10101111110110011111
1) 11101111110110011111
1) 10101111101110011111
1) 11101111101110011111
Process 1 is done
Process 0: 18 solutions
Process 0 is done
0.011798 
1) 10101111100110011110
1) 11101111100110011110
1) 10101111110110011110
0) 01101111100110011110
0) 01101111110110011110
0) 01101111101110011110
1) 11101111110110011110
1) 10101111101110011110
1) 11101111101110011110
1) 10101111100110011111
1) 11101111100110011111
1) 10101111110110011111
1) 11101111110110011111
1) 10101111101110011111
1) 11101111101110011111
0) 01101111100110011111
0) 01101111110110011111
0) 01101111101110011111
Process 1 is done
Process 0: 18 solutions
Process 0 is done
0.011711 
3
0) 10101111100110011110
0) 01101111110110011110
1) 01101111100110011110
1) 11101111110110011110
1) 10101111101110011110
2) 11101111100110011110
2) 10101111110110011110
2) 01101111101110011110
0) 11101111101110011110
0) 01101111100110011111
0) 11101111110110011111
1) 11101111100110011111
1) 10101111110110011111
0) 10101111101110011111
1) 01101111101110011111
2) 10101111100110011111
2) 01101111110110011111
2) 11101111101110011111
Process 1 is done
Process 2 is done
Process 0: 18 solutions
Process 0 is done
0.008044 
2) 11101111100110011110
1) 01101111100110011110
1) 11101111110110011110
1) 10101111101110011110
0) 10101111100110011110
0) 01101111110110011110
0) 11101111101110011110
2) 10101111110110011110
2) 01101111101110011110
0) 01101111100110011111
1) 11101111100110011111
1) 10101111110110011111
2) 10101111100110011111
2) 01101111110110011111
0) 11101111110110011111
0) 10101111101110011111
1) 01101111101110011111
2) 11101111101110011111
Process 1 is done
Process 2 is done
Process 0: 18 solutions
Process 0 is done
0.007976 
2) 11101111100110011110
0) 10101111100110011110
0) 01101111110110011110
0) 11101111101110011110
1) 01101111100110011110
1) 11101111110110011110
1) 10101111101110011110
2) 10101111110110011110
2) 01101111101110011110
0) 01101111100110011111
1) 11101111100110011111
1) 10101111110110011111
2) 10101111100110011111
0) 11101111110110011111
0) 10101111101110011111
1) 01101111101110011111
2) 01101111110110011111
2) 11101111101110011111
Process 1 is done
Process 2 is done
Process 0: 18 solutions
Process 0 is done
0.007975 
4
2) 01101111100110011110
2) 01101111110110011110
2) 01101111101110011110
1) 10101111100110011110
1) 10101111110110011110
1) 10101111101110011110
3) 11101111100110011110
3) 11101111110110011110
3) 11101111101110011110
2) 01101111100110011111
2) 01101111110110011111
2) 01101111101110011111
Process 2 is done
1) 10101111100110011111
1) 10101111110110011111
1) 10101111101110011111
Process 1 is done
3) 11101111100110011111
3) 11101111110110011111
3) 11101111101110011111
Process 3 is done
Process 0: 18 solutions
Process 0 is done
0.006548 
2) 01101111100110011110
2) 01101111110110011110
2) 01101111101110011110
1) 10101111100110011110
1) 10101111110110011110
1) 10101111101110011110
3) 11101111100110011110
3) 11101111110110011110
3) 11101111101110011110
2) 01101111100110011111
2) 01101111110110011111
2) 01101111101110011111
Process 2 is done
1) 10101111100110011111
1) 10101111110110011111
1) 10101111101110011111
3) 11101111100110011111
Process 1 is done
3) 11101111110110011111
3) 11101111101110011111
Process 3 is done
Process 0: 18 solutions
Process 0 is done
0.006432 
2) 01101111100110011110
2) 01101111110110011110
2) 01101111101110011110
1) 10101111100110011110
1) 10101111110110011110
1) 10101111101110011110
3) 11101111100110011110
3) 11101111110110011110
3) 11101111101110011110
2) 01101111100110011111
2) 01101111110110011111
2) 01101111101110011111
Process 2 is done
1) 10101111100110011111
1) 10101111110110011111
1) 10101111101110011111
Process 1 is done
3) 11101111100110011111
3) 11101111110110011111
3) 11101111101110011111
Process 3 is done
Process 0: 18 solutions
Process 0 is done
0.006543 
5
1) 01101111100110011110
1) 11101111101110011110
3) 01101111110110011110
0) 10101111100110011110
0) 01101111101110011110
4) 11101111110110011110
4) 10101111101110011110
2) 11101111100110011110
2) 10101111110110011110
0) 11101111100110011111
0) 10101111110110011111
1) 01101111110110011111
2) 11101111110110011111
2) 10101111101110011111
4) 01101111100110011111
4) 11101111101110011111
3) 10101111100110011111
3) 01101111101110011111
Process 1 is done
Process 2 is done
Process 4 is done
Process 3 is done
Process 0: 18 solutions
Process 0 is done
0.004688 
2) 11101111100110011110
2) 10101111110110011110
1) 01101111100110011110
1) 11101111101110011110
3) 01101111110110011110
4) 11101111110110011110
4) 10101111101110011110
0) 10101111100110011110
0) 01101111101110011110
3) 10101111100110011111
3) 01101111101110011111
2) 11101111110110011111
2) 10101111101110011111
0) 11101111100110011111
0) 10101111110110011111
1) 01101111110110011111
4) 01101111100110011111
4) 11101111101110011111
Process 3 is done
Process 2 is done
Process 1 is done
Process 4 is done
Process 0: 18 solutions
Process 0 is done
0.004686 
0) 10101111100110011110
0) 01101111101110011110
1) 01101111100110011110
1) 11101111101110011110
4) 11101111110110011110
4) 10101111101110011110
2) 11101111100110011110
2) 10101111110110011110
3) 01101111110110011110
3) 10101111100110011111
3) 01101111101110011111
1) 01101111110110011111
0) 11101111100110011111
0) 10101111110110011111
4) 01101111100110011111
4) 11101111101110011111
2) 11101111110110011111
2) 10101111101110011111
Process 3 is done
Process 1 is done
Process 4 is done
Process 0: 18 solutions
Process 0 is done
Process 2 is done
0.004708 
6
4) 01101111100110011110
0) 01101111110110011110
2) 01101111101110011110
3) 10101111100110011110
1) 11101111110110011110
1) 10101111101110011110
5) 11101111100110011110
5) 10101111110110011110
3) 11101111101110011110
2) 01101111110110011111
4) 01101111101110011111
0) 01101111100110011111
Process 2 is done
Process 4 is done
5) 10101111100110011111
1) 11101111100110011111
1) 10101111110110011111
3) 11101111110110011111
3) 10101111101110011111
5) 11101111101110011111
Process 5 is done
Process 3 is done
Process 1 is done
Process 0: 18 solutions
Process 0 is done
0.004060 
2) 01101111101110011110
4) 01101111100110011110
0) 01101111110110011110
1) 11101111110110011110
3) 10101111100110011110
3) 11101111101110011110
5) 11101111100110011110
5) 10101111110110011110
1) 10101111101110011110
0) 01101111100110011111
4) 01101111101110011111
2) 01101111110110011111
Process 4 is done
Process 2 is done
1) 11101111100110011111
1) 10101111110110011111
3) 11101111110110011111
5) 10101111100110011111
3) 10101111101110011111
5) 11101111101110011111
Process 1 is done
Process 3 is done
Process 5 is done
Process 0: 18 solutions
Process 0 is done
0.004063 
4) 01101111100110011110
2) 01101111101110011110
0) 01101111110110011110
1) 11101111110110011110
5) 11101111100110011110
5) 10101111110110011110
3) 10101111100110011110
3) 11101111101110011110
1) 10101111101110011110
0) 01101111100110011111
4) 01101111101110011111
2) 01101111110110011111
Process 4 is done
Process 2 is done
1) 11101111100110011111
1) 10101111110110011111
3) 11101111110110011111
3) 10101111101110011111
5) 10101111100110011111
5) 11101111101110011111
Process 3 is done
Process 1 is done
Process 5 is done
Process 0: 18 solutions
Process 0 is done
0.004057 
7
5) 11101111100110011110
5) 01101111110110011110
5) 10101111101110011110
4) 01101111100110011110
4) 10101111110110011110
6) 11101111110110011110
6) 01101111101110011110
3) 10101111100110011110
0) 11101111101110011110
0) 11101111100110011111
0) 01101111110110011111
2) 11101111101110011111
5) 10101111100110011111
0) 10101111101110011111
6) 01101111100110011111
6) 10101111110110011111
1) 11101111110110011111
1) 01101111101110011111
Process 2 is done
Process 3 is done
Process 5 is done
Process 4 is done
Process 6 is done
Process 0: 18 solutions
Process 0 is done
Process 1 is done
0.003472 
0) 11101111101110011110
4) 01101111100110011110
4) 10101111110110011110
3) 10101111100110011110
5) 11101111100110011110
5) 01101111110110011110
5) 10101111101110011110
6) 11101111110110011110
6) 01101111101110011110
2) 11101111101110011111
1) 11101111110110011111
1) 01101111101110011111
0) 11101111100110011111
0) 01101111110110011111
0) 10101111101110011111
5) 10101111100110011111
Process 2 is done
6) 01101111100110011111
6) 10101111110110011111
Process 1 is done
Process 3 is done
Process 4 is done
Process 5 is done
Process 6 is done
Process 0: 18 solutions
Process 0 is done
0.003499 
0) 11101111101110011110
3) 10101111100110011110
5) 11101111100110011110
5) 01101111110110011110
5) 10101111101110011110
4) 01101111100110011110
4) 10101111110110011110
6) 11101111110110011110
6) 01101111101110011110
0) 11101111100110011111
0) 01101111110110011111
5) 10101111100110011111
0) 10101111101110011111
1) 11101111110110011111
1) 01101111101110011111
6) 01101111100110011111
6) 10101111110110011111
2) 11101111101110011111
Process 3 is done
Process 5 is done
Process 4 is done
Process 1 is done
Process 6 is done
Process 0: 18 solutions
Process 0 is done
0.003445 
Process 2 is done
8
6) 01101111100110011110
6) 01101111110110011110
6) 01101111101110011110
5) 10101111100110011110
5) 10101111110110011110
5) 10101111101110011110
7) 11101111100110011110
7) 11101111110110011110
7) 11101111101110011110
Process 1 is done
Process 3 is done
Process 2 is done
6) 01101111100110011111
6) 01101111110110011111
6) 01101111101110011111
5) 10101111100110011111
5) 10101111110110011111
5) 10101111101110011111
7) 11101111100110011111
7) 11101111110110011111
7) 11101111101110011111
Process 5 is done
Process 7 is done
Process 6 is done
Process 4 is done
Process 0: 18 solutions
Process 0 is done
0.003312 
6) 01101111100110011110
6) 01101111110110011110
6) 01101111101110011110
5) 10101111100110011110
5) 10101111110110011110
5) 10101111101110011110
7) 11101111100110011110
7) 11101111110110011110
7) 11101111101110011110
Process 1 is done
Process 3 is done
Process 2 is done
6) 01101111100110011111
6) 01101111110110011111
5) 10101111100110011111
5) 10101111110110011111
6) 01101111101110011111
5) 10101111101110011111
Process 5 is done
7) 11101111100110011111
7) 11101111110110011111
7) 11101111101110011111
Process 7 is done
Process 6 is done
Process 0: 18 solutions
Process 0 is done
Process 4 is done
0.003420 
6) 01101111100110011110
6) 01101111110110011110
6) 01101111101110011110
5) 10101111100110011110
5) 10101111110110011110
5) 10101111101110011110
7) 11101111100110011110
7) 11101111110110011110
7) 11101111101110011110
Process 1 is done
Process 3 is done
Process 2 is done
6) 01101111100110011111
6) 01101111110110011111
6) 01101111101110011111
5) 10101111100110011111
5) 10101111110110011111
5) 10101111101110011111
7) 11101111100110011111
7) 11101111110110011111
7) 11101111101110011111
Process 5 is done
Process 7 is done
Process 6 is done
Process 0: 18 solutions
Process 0 is done
Process 4 is done
0.003316 
