The number of objects is 10, and the capacity is 25.
The optimal profit is 874 Time taken : 0.000007.
Table:
 | 0 | | 0 | | 0 | | 0 | | 0 | | 0 | | 0 | | 0 | | 0 | | 0 | | 0 | | 0 | | 0 | | 0 | | 0 | | 0 | | 0 | | 0 | | 0 | | 0 | | 0 | | 0 | | 0 | | 0 | | 0 | | 0 |

 | 0 | | 0 | | 0 | | 0 | | 0 | | 0 | | 0 | | 0 | | 0 | | 10 | | 10 | | 10 | | 10 | | 10 | | 10 | | 10 | | 10 | | 10 | | 10 | | 10 | | 10 | | 10 | | 10 | | 10 | | 10 | | 10 |

 | 10 | | 10 | | 10 | | 10 | | 10 | | 10 | | 10 | | 200 | | 200 | | 200 | | 200 | | 210 | | 210 | | 210 | | 210 | | 210 | | 210 | | 210 | | 210 | | 210 | | 210 | | 210 | | 210 | | 210 | | 210 | | 210 |

 | 313 | | 210 | | 210 | | 210 | | 210 | | 210 | | 200 | | 200 | | 200 | | 300 | | 300 | | 300 | | 300 | | 300 | | 300 | | 300 | | 300 | | 300 | | 310 | | 310 | | 310 | | 310 | | 310 | | 310 | | 310 | | 310 |

 | 0 | | 0 | | 200 | | 200 | | 200 | | 200 | | 200 | | 200 | | 220 | | 300 | | 300 | | 300 | | 300 | | 300 | | 300 | | 320 | | 320 | | 320 | | 320 | | 320 | | 320 | | 320 | | 320 | | 320 | | 330 | | 330 |

 | 330 | | 330 | | 330 | | 330 | | 200 | | 200 | | 215 | | 215 | | 220 | | 300 | | 300 | | 300 | | 300 | | 315 | | 315 | | 320 | | 320 | | 320 | | 320 | | 335 | | 335 | | 335 | | 335 | | 335 | | 335 | | 335 |

 | 345 | | 345 | | 345 | | 200 | | 200 | | 390 | | 390 | | 390 | | 390 | | 405 | | 405 | | 410 | | 490 | | 490 | | 490 | | 490 | | 505 | | 505 | | 510 | | 510 | | 510 | | 510 | | 525 | | 525 | | 525 | | 525 |

 | 525 | | 525 | | 200 | | 200 | | 200 | | 390 | | 390 | | 390 | | 390 | | 405 | | 405 | | 410 | | 549 | | 549 | | 549 | | 549 | | 564 | | 564 | | 569 | | 649 | | 649 | | 649 | | 649 | | 664 | | 664 | | 669 |

 | 669 | | 0 | | 200 | | 200 | | 200 | | 390 | | 390 | | 390 | | 390 | | 405 | | 405 | | 410 | | 549 | | 549 | | 549 | | 549 | | 564 | | 564 | | 569 | | 649 | | 674 | | 674 | | 674 | | 674 | | 689 | | 689 |

 | 0 | | 0 | | 200 | | 200 | | 200 | | 390 | | 390 | | 390 | | 390 | | 405 | | 405 | | 419 | | 549 | | 549 | | 549 | | 549 | | 564 | | 564 | | 578 | | 649 | | 674 | | 674 | | 674 | | 674 | | 689 | | 689 |

 | 0 | | 0 | | 200 | | 200 | | 200 | | 390 | | 400 | | 400 | | 400 | | 590 | | 590 | | 590 | | 590 | | 605 | | 605 | | 619 | | 749 | | 749 | | 749 | | 749 | | 764 | | 764 | | 778 | | 849 | | 874 | | 874 |

Solution vector is: 
--> 0 0 0 0 0 0 1 1 0 1
